
classno:2
1.000000000000000000e+00 0.000000000000000000e+00
0.000000000000000000e+00 1.000000000000000000e+00
classno:3
1.000000000000000000e+00 0.000000000000000000e+00
0.000000000000000000e+00 1.000000000000000000e+00
classno:5
1.000000000000000000e+00
classno:6
1.000000000000000000e+00
classno:8
0.000000000000000000e+00 1.000000000000000000e+00 0.000000000000000000e+00
0.000000000000000000e+00 0.000000000000000000e+00 1.000000000000000000e+00
1.000000000000000000e+00 0.000000000000000000e+00 0.000000000000000000e+00
classno:9
-0.000000000000000000e+00
-7.071067811865475727e-01
7.071067811865474617e-01
-0.000000000000000000e+00
classno:10
0.000000000000000000e+00 1.000000000000000000e+00 0.000000000000000000e+00
0.000000000000000000e+00 0.000000000000000000e+00 1.000000000000000000e+00
1.000000000000000000e+00 0.000000000000000000e+00 0.000000000000000000e+00
classno:11
7.071067811865475727e-01 0.000000000000000000e+00
0.000000000000000000e+00 0.000000000000000000e+00
0.000000000000000000e+00 7.071067811865475727e-01
0.000000000000000000e+00 0.000000000000000000e+00
0.000000000000000000e+00 0.000000000000000000e+00
7.071067811865474617e-01 0.000000000000000000e+00
0.000000000000000000e+00 0.000000000000000000e+00
0.000000000000000000e+00 7.071067811865474617e-01
classno:12
0.000000000000000000e+00 8.164965809277260345e-01 0.000000000000000000e+00 0.000000000000000000e+00
4.082482904638632393e-01 0.000000000000000000e+00 7.071067811865475727e-01 1.110223024625156540e-16
4.082482904638629062e-01 0.000000000000000000e+00 -7.071067811865476838e-01 4.583939581999824415e-17
0.000000000000000000e+00 0.000000000000000000e+00 0.000000000000000000e+00 -1.387778780781445676e-17
0.000000000000000000e+00 0.000000000000000000e+00 0.000000000000000000e+00 -1.110223024625156540e-16
0.000000000000000000e+00 4.082482904638630727e-01 1.110223024625156540e-16 7.071067811865475727e-01
0.000000000000000000e+00 4.082482904638630727e-01 1.110223024625156540e-16 -7.071067811865474617e-01
8.164965809277260345e-01 0.000000000000000000e+00 0.000000000000000000e+00 -4.609127530437371471e-17
classno:13
-0.000000000000000000e+00 -3.052164640818255670e-16 -4.999999999999996114e-01 6.532814824381888430e-01 4.781677393581454938e-01 1.461355981173668994e-01 0.000000000000000000e+00 -2.705980500730985616e-01
-6.342217527600809701e-01 -3.126703828729726076e-01 -1.110223024625156540e-16 -1.942890293094023946e-16 1.321055362927954224e-01 -4.322602189994008137e-01 5.437823372925811860e-01 -1.110223024625156540e-16
3.126703828729729961e-01 -6.342217527600806370e-01 -1.110223024625156540e-16 -3.330669073875469621e-16 -1.589319142118226225e-01 5.200383418521641321e-01 4.519964265883276155e-01 -3.330669073875469621e-16
-1.387778780781445676e-16 -1.665334536937734811e-16 5.000000000000004441e-01 6.532814824381878438e-01 -4.781677393581457158e-01 -1.461355981173669827e-01 -5.551115123125782702e-17 -2.705980500730984506e-01
1.110223024625156540e-16 -5.551115123125782702e-17 5.000000000000000000e-01 -2.705980500730985616e-01 4.781677393581454938e-01 1.461355981173669272e-01 -2.220446049250313081e-16 -6.532814824381885099e-01
6.342217527600798599e-01 3.126703828729725521e-01 6.063025659034253924e-17 1.643116475281829441e-16 1.321055362927958665e-01 -4.322602189994018684e-01 5.437823372925811860e-01 -6.129064142479026641e-17
-3.126703828729722190e-01 6.342217527600807481e-01 3.531566493699184691e-17 1.492947779519033910e-16 -1.589319142118221229e-01 5.200383418521645762e-01 4.519964265883276155e-01 -1.081061561390659395e-16
0.000000000000000000e+00 3.608224830031758756e-16 -5.000000000000001110e-01 -2.705980500730981175e-01 -4.781677393581456048e-01 -1.461355981173671492e-01 -3.053113317719180486e-16 -6.532814824381885099e-01
classno:15
1.000000000000000000e+00 0.000000000000000000e+00
0.000000000000000000e+00 1.000000000000000000e+00
classno:16
1.000000000000000000e+00 0.000000000000000000e+00
0.000000000000000000e+00 1.000000000000000000e+00
classno:17
1.000000000000000000e+00 0.000000000000000000e+00
0.000000000000000000e+00 1.000000000000000000e+00
classno:2
1.000000000000000000e+00 0.000000000000000000e+00
0.000000000000000000e+00 1.000000000000000000e+00
classno:3
1.000000000000000000e+00 0.000000000000000000e+00
0.000000000000000000e+00 1.000000000000000000e+00
classno:4
-7.071067811865475727e-01 7.071067811865474617e-01
7.071067811865474617e-01 7.071067811865475727e-01
classno:5
1.000000000000000000e+00
classno:6
1.000000000000000000e+00
classno:7
-0.000000000000000000e+00 0.000000000000000000e+00 0.000000000000000000e+00 1.000000000000000000e+00
-7.071067811865475727e-01 7.071067811865473507e-01 0.000000000000000000e+00 0.000000000000000000e+00
7.071067811865473507e-01 7.071067811865475727e-01 0.000000000000000000e+00 0.000000000000000000e+00
-0.000000000000000000e+00 0.000000000000000000e+00 1.000000000000000000e+00 0.000000000000000000e+00
classno:8
0.000000000000000000e+00 1.000000000000000000e+00 0.000000000000000000e+00
0.000000000000000000e+00 0.000000000000000000e+00 1.000000000000000000e+00
1.000000000000000000e+00 0.000000000000000000e+00 0.000000000000000000e+00
classno:9
-0.000000000000000000e+00 0.000000000000000000e+00 0.000000000000000000e+00 1.000000000000000000e+00
-7.071067811865475727e-01 7.071067811865473507e-01 0.000000000000000000e+00 0.000000000000000000e+00
7.071067811865473507e-01 7.071067811865475727e-01 0.000000000000000000e+00 0.000000000000000000e+00
-0.000000000000000000e+00 0.000000000000000000e+00 1.000000000000000000e+00 0.000000000000000000e+00
classno:10
0.000000000000000000e+00 1.000000000000000000e+00 0.000000000000000000e+00
0.000000000000000000e+00 0.000000000000000000e+00 1.000000000000000000e+00
1.000000000000000000e+00 0.000000000000000000e+00 0.000000000000000000e+00
classno:11
0.000000000000000000e+00 -6.095648357463107070e-01 -0.000000000000000000e+00 5.773502691896224004e-01 -0.000000000000000000e+00 0.000000000000000000e+00 0.000000000000000000e+00 -5.432286605916920585e-01
3.493491930901768020e-17 0.000000000000000000e+00 -1.418883401986859374e-02 1.665334536937734811e-16 -0.000000000000000000e+00 -9.998993334276986555e-01 2.046040189777416316e-16 0.000000000000000000e+00
-1.656674022630426901e-01 0.000000000000000000e+00 -5.772921493170117824e-01 0.000000000000000000e+00 -0.000000000000000000e+00 8.191927140858111522e-03 -7.995129633058359886e-01 0.000000000000000000e+00
-3.706268308569486901e-18 -7.752322380093521481e-01 -1.068152264594314276e-17 -5.773502691896238437e-01 0.000000000000000000e+00 -1.944678552842641776e-16 -3.259956833358630478e-17 2.562843027141537555e-01
7.752322380093507048e-01 0.000000000000000000e+00 -5.772921493170106721e-01 0.000000000000000000e+00 -0.000000000000000000e+00 8.191927140858114992e-03 2.562843027141517016e-01 0.000000000000000000e+00
-6.883069715914772943e-18 1.656674022630410525e-01 -1.946788343691723607e-17 -5.773502691896309491e-01 0.000000000000000000e+00 -1.258665930928895985e-16 -6.054205547666030848e-17 -7.995129633058342122e-01
0.000000000000000000e+00 -0.000000000000000000e+00 0.000000000000000000e+00 0.000000000000000000e+00 1.000000000000000000e+00 0.000000000000000000e+00 0.000000000000000000e+00 0.000000000000000000e+00
6.095648357463127054e-01 -0.000000000000000000e+00 5.772921493170055651e-01 0.000000000000000000e+00 0.000000000000000000e+00 -8.191927140858088971e-03 -5.432286605916906153e-01 0.000000000000000000e+00
classno:12
-6.095648357463107070e-01 -0.000000000000000000e+00 5.773502691896224004e-01 0.000000000000000000e+00 0.000000000000000000e+00 -0.000000000000000000e+00 -5.432286605916922806e-01 0.000000000000000000e+00
-1.110223024625156540e-16 1.656674022630411358e-01 -1.110223024625156540e-16 4.572976172669596327e-16 -5.773502691896311712e-01 -3.690295122557924328e-17 -1.110223024625156540e-16 7.995129633058339902e-01
0.000000000000000000e+00 -7.752322380093520371e-01 0.000000000000000000e+00 2.462371785283627729e-16 -5.773502691896239547e-01 -1.987081989069652391e-17 0.000000000000000000e+00 -2.562843027141539221e-01
0.000000000000000000e+00 1.110223024625156540e-16 0.000000000000000000e+00 1.000000000000000000e+00 4.440892098500626162e-16 8.991795294921583380e-32 0.000000000000000000e+00 -3.330669073875469621e-16
0.000000000000000000e+00 0.000000000000000000e+00 0.000000000000000000e+00 6.814938665870923351e-32 2.775557561562891351e-17 -1.000000000000000000e+00 0.000000000000000000e+00 0.000000000000000000e+00
-7.752322380093520371e-01 -6.068001969715287511e-17 -5.773502691896239547e-01 9.942838909779704605e-33 -4.601511864310907380e-17 -3.096883589104535627e-33 2.562843027141535335e-01 7.441828146966319833e-18
1.656674022630411636e-01 -1.549011354244406989e-16 -5.773502691896309491e-01 -1.800752634365203450e-32 6.170999536925442207e-17 3.489748109156456707e-33 -7.995129633058342122e-01 -2.226585489009692597e-16
0.000000000000000000e+00 -6.095648357463109290e-01 0.000000000000000000e+00 0.000000000000000000e+00 5.773502691896219563e-01 0.000000000000000000e+00 0.000000000000000000e+00 5.432286605916921696e-01
classno:13
-4.570560722424117372e-01 -0.000000000000000000e+00 0.000000000000000000e+00 6.851816498043390435e-01 -1.747172194473228801e-01 0.000000000000000000e+00 5.395366037873053910e-01 0.000000000000000000e+00
-1.110223024625156540e-16 -6.407220727047613362e-01 8.529790088997407649e-02 -3.677613769070831040e-16 -1.693090112553363724e-15 -6.430824096901381903e-01 -1.110223024625156540e-16 -4.106634972819036555e-01
0.000000000000000000e+00 8.529790088997442343e-02 6.407220727047610032e-01 -1.110223024625156540e-16 6.938893903907228378e-17 -4.106634972819038776e-01 -1.110223024625156540e-16 6.430824096901381903e-01
4.570560722424116817e-01 9.155500697597875840e-17 -5.645696494678975524e-17 6.851816498043389325e-01 -1.747172194473229911e-01 5.012554812560675820e-17 -5.395366037873051690e-01 7.598790344626216011e-17
5.395366037873050580e-01 1.153272814231994988e-15 -2.671160478372137908e-16 -1.747172194473230189e-01 -6.851816498043392656e-01 5.620758103615892062e-16 4.570560722424119593e-01 1.930931447259239590e-16
2.433014520559224277e-17 7.563470481480493168e-01 -1.006907960561007342e-01 1.751452286077181554e-16 8.548377124045868992e-16 -5.447725293111537193e-01 7.500661089150909256e-17 -3.478841727576139631e-01
0.000000000000000000e+00 -1.006907960561004151e-01 -7.563470481480493168e-01 0.000000000000000000e+00 0.000000000000000000e+00 -3.478841727576135745e-01 0.000000000000000000e+00 5.447725293111538303e-01
-5.395366037873049470e-01 1.337724611363551922e-15 -2.946900261333924125e-16 -1.747172194473227691e-01 -6.851816498043394876e-01 5.275709353959067476e-16 -4.570560722424118483e-01 2.335592665255837025e-16
classno:14
1.000000000000000000e+00 0.000000000000000000e+00
0.000000000000000000e+00 1.000000000000000000e+00
classno:15
1.000000000000000000e+00 0.000000000000000000e+00
0.000000000000000000e+00 1.000000000000000000e+00
classno:16
1.000000000000000000e+00 0.000000000000000000e+00
0.000000000000000000e+00 1.000000000000000000e+00
classno:17
1.000000000000000000e+00 0.000000000000000000e+00
0.000000000000000000e+00 1.000000000000000000e+00
