41
4.000000000000000000e+00 -2.000000000000000000e+00
-2.000000000000000000e+00 4.000000000000000000e+00
42
4.000000000000000000e+00
43
2.000000000000000000e+00
51
1.218427837119263727e-04 1.627988958027929561e-02 1.803616379183559104e-02 1.803616379183559104e-02 1.752252712968443635e-02 1.627988958027929561e-02 1.922915280205140798e+00 1.961921874520645481e+00 1.961921874520645481e+00 1.964841456968988931e+00 1.803616379183559104e-02 1.961921874520645481e+00 2.002425732426113658e+00 2.002425732426115879e+00 1.996788513074904126e+00 1.803616379183559104e-02 1.961921874520645481e+00 2.002425732426115879e+00 2.002425732426117655e+00 1.996788513074904126e+00 1.752252712968443635e-02 1.964841456968704936e+00 1.996788513074904126e+00 1.996788513074904126e+00 2.028210701305028785e+00
1.627988958027929561e-02 -1.903542137064879070e+00 -1.925849546936974299e+00 -1.925849546936974299e+00 -1.921448963895298734e+00 3.834619528564604529e+00 9.749094075489643796e-01 2.922141877952485700e+00 2.922141877952485700e+00 2.974126531760748371e+00 3.905807585249455371e+00 4.148186765696593170e-02 2.002425732426116323e+00 2.002425732426115879e+00 2.057456686861692141e+00 3.905807585249455371e+00 4.148186765696593170e-02 2.002425732426115879e+00 2.002425732426114990e+00 2.057456686861692141e+00 3.895244642828101345e+00 4.244751572521480998e-02 1.966454426181510007e+00 1.966454426181510007e+00 2.032715362031565665e+00
1.803616379183559104e-02 -1.925849546936974299e+00 -1.981963836214694741e+00 -1.966353404842444474e+00 -1.960716185491232944e+00 3.905807585249455371e+00 1.961921874520645481e+00 -3.807812547969431638e-02 1.921418016615175306e+00 1.927055235966386837e+00 3.994620516743252914e+00 3.022677661379008285e+00 1.002425732425945570e+00 3.002425732426285521e+00 3.005244342101705435e+00 3.986815301060396166e+00 2.042929590331586276e+00 2.425732425775484202e-03 2.002425732426115879e+00 2.008062951777326965e+00 3.975540862357973104e+00 2.031655151629163214e+00 -3.211486925347625723e-03 1.991151293723692595e+00 1.996788513074904126e+00
1.803616379183559104e-02 -1.925849546936974299e+00 -1.966353404842444474e+00 -1.981963836214690744e+00 -1.960716185491232944e+00 3.905807585249455371e+00 1.961921874520645481e+00 1.921418016615175306e+00 -3.807812547903054873e-02 1.927055235966386837e+00 3.986815301060396166e+00 2.042929590331586276e+00 2.002425732426115879e+00 2.425732426461602032e-03 2.008062951777326965e+00 3.994620516743252914e+00 3.022677661378688985e+00 3.002425732425942684e+00 1.002425732426288629e+00 3.005244342101354160e+00 3.975540862357973104e+00 2.031655151629163214e+00 1.991151293723692595e+00 -3.211486924658507255e-03 1.996788513074904126e+00
1.752252712968443635e-02 -1.921448963895298734e+00 -1.960716185491232944e+00 -1.960716185491232944e+00 -1.957903015913937450e+00 3.895244642828101345e+00 1.986563134069174064e+00 1.896721149072992718e+00 1.896721149072992718e+00 1.871878500471351181e+00 3.975540862357973104e+00 2.092323325415951452e+00 2.002425732426115434e+00 2.002425732426115879e+00 1.978289811720520541e+00 3.975540862357973104e+00 2.092323325415951452e+00 2.002425732426115879e+00 2.002425732426115879e+00 1.978289811720520541e+00 3.971356035572175980e+00 2.096863134909052739e+00 2.006037863752095696e+00 2.006037863752095696e+00 1.981806271510998974e+00
-1.514714707749650613e-01 3.666868168209360235e+00 3.738056224894210633e+00 3.738056224894210633e+00 3.727493282472857050e+00 -2.071293497420121810e+00 8.071580471937200851e-01 -1.262694926982784183e-01 -1.262694926982784183e-01 -1.253038446300322462e-01 -2.093600907292218594e+00 2.754390517597240962e+00 1.834674372070871806e+00 1.834674372070871362e+00 1.798703065826265712e+00 -2.093600907292218594e+00 2.754390517597240962e+00 1.834674372070871362e+00 1.834674372070870696e+00 1.798703065826265712e+00 -2.089200324250241270e+00 2.806375171405504076e+00 1.889705326506448069e+00 1.889705326506448069e+00 1.864964001676306049e+00
1.755163919849896503e+00 8.071580471937200851e-01 1.794170514165401187e+00 1.794170514165401187e+00 1.818811773713929547e+00 8.071580471937200851e-01 4.992764006503078722e-01 8.339505107335614120e-01 8.339505107335614120e-01 8.429509326869739638e-01 1.794170514165401187e+00 8.339505107335614120e-01 1.834674372070871584e+00 1.834674372070871362e+00 1.859371239613053950e+00 1.794170514165401187e+00 8.339505107335614120e-01 1.834674372070871362e+00 1.834674372070871140e+00 1.859371239613053950e+00 1.818811773713925772e+00 8.429509326869739638e-01 1.859371239613053950e+00 1.859371239613053950e+00 1.885374059017705717e+00
1.794170514165401187e+00 2.754390517597240962e+00 -2.058294858349386802e-01 1.753666656259931012e+00 1.728969788717748424e+00 -1.262694926982784183e-01 8.339505107335614120e-01 -1.166049489266626216e+00 -1.667733506037485935e-01 -1.914702181459311814e-01 2.854926301023763990e+00 3.335036302739608605e+00 8.346743720707012759e-01 2.834674372071041226e+00 2.822325938299957926e+00 1.875178229976341759e+00 2.835398233408180868e+00 -1.653256279294688658e-01 1.834674372070871362e+00 1.809977504528688774e+00 1.924571965060706935e+00 2.884791968492546044e+00 -1.406287603873016823e-01 1.884068107155236538e+00 1.859371239613053950e+00
1.794170514165401187e+00 2.754390517597240962e+00 1.753666656259931012e+00 -2.058294858342749056e-01 1.728969788717748424e+00 -1.262694926982784183e-01 8.339505107335614120e-01 -1.667733506037485935e-01 -1.166049489266284489e+00 -1.914702181459311814e-01 1.875178229976341759e+00 2.835398233408180868e+00 1.834674372070871362e+00 -1.653256279287827479e-01 1.809977504528688774e+00 2.854926301023444246e+00 3.335036302739439407e+00 2.834674372070697945e+00 8.346743720710443348e-01 2.822325938299607540e+00 1.924571965060706935e+00 2.884791968492546044e+00 1.884068107155236538e+00 -1.406287603866054337e-01 1.859371239613053950e+00
1.797090096613744636e+00 2.806375171405504076e+00 1.759303875611142542e+00 1.759303875611142542e+00 1.704127140116106887e+00 -1.253038446300322462e-01 8.429509326869739638e-01 -1.914702181459311814e-01 -1.914702181459311814e-01 -2.331010356315772469e-01 1.863903791273918698e+00 2.884791968492546044e+00 1.834674372070872916e+00 1.834674372070871362e+00 1.780204364471882128e+00 1.863903791273918698e+00 2.884791968492546044e+00 1.834674372070871362e+00 1.834674372070869586e+00 1.780204364471882128e+00 1.929111774553808223e+00 2.942831173353514185e+00 1.898954677183639861e+00 1.898954677183639861e+00 1.842874040844128425e+00
1.822770980323878409e-01 4.070048519490007344e+00 4.158861450983804886e+00 4.151056235300948138e+00 4.139781796598525077e+00 -1.761608612696422105e+00 2.126162808761197898e+00 3.186918595619560257e+00 2.207170524572138248e+00 2.195896085869715186e+00 -1.817722901967640636e+00 1.261628087608685500e-01 1.166666666666497765e+00 1.666666666663277341e-01 1.610294473152033001e-01 -1.802112470601892280e+00 2.085658950855727500e+00 3.166666666666837937e+00 2.166666666666667851e+00 2.155392227964244789e+00 -1.796475251250680749e+00 2.091296170206939031e+00 3.169485276342257851e+00 2.172303886017879382e+00 2.161029447315456320e+00
2.126162808761197898e+00 2.057228018975181816e-01 3.186918595619560257e+00 2.207170524572138248e+00 2.256564259656503424e+00 3.086382812193037672e+00 1.165942805329357901e+00 3.667028597335405316e+00 3.167390528003977579e+00 3.216784263088342755e+00 1.261628087608685500e-01 -8.340571946708252860e-01 1.166666666666497765e+00 1.666666666663277341e-01 1.913635342083441770e-01 2.085658950855727500e+00 1.652189439920480063e-01 3.166666666666837937e+00 2.166666666666667851e+00 2.216060401751033027e+00 2.060962083313544912e+00 1.405220764498654185e-01 3.154318232895754637e+00 2.141969799124485263e+00 2.191363534208850439e+00
2.166666666666665630e+00 2.166666666666668295e+00 1.166666666666497765e+00 2.166666666666667851e+00 2.166666666666667851e+00 2.166666666666668295e+00 2.166666666666668295e+00 1.166666666666497765e+00 2.166666666666667851e+00 2.166666666666669627e+00 1.166666666666497765e+00 1.166666666666497765e+00 4.999999999998299138e-01 1.166666666666497765e+00 1.166666666666497765e+00 2.166666666666667851e+00 2.166666666666667851e+00 1.166666666666497765e+00 2.500000000006632916e+00 2.166666666666667851e+00 2.166666666666667851e+00 2.166666666666669627e+00 1.166666666666497765e+00 2.166666666666667851e+00 2.166666666666674068e+00
2.166666666666667851e+00 2.166666666666667851e+00 3.166666666666837937e+00 1.666666666670138519e-01 2.166666666666667851e+00 2.166666666666667851e+00 2.166666666666667851e+00 3.166666666666837937e+00 1.666666666670138519e-01 2.166666666666667851e+00 1.666666666663277341e-01 1.666666666663277341e-01 1.166666666666497765e+00 -1.000000000006626921e+00 1.666666666663277341e-01 3.166666666666494656e+00 3.166666666666494656e+00 3.999999999999999112e+00 1.166666666666840824e+00 3.166666666666494656e+00 2.166666666666667851e+00 2.166666666666667851e+00 3.166666666666837937e+00 1.666666666670138519e-01 2.166666666666667851e+00
2.161029447315456320e+00 2.221697621102244558e+00 3.169485276342257851e+00 2.172303886017879382e+00 2.142530745961072736e+00 2.130695360422062201e+00 2.191363534208850439e+00 3.154318232895754637e+00 2.141969799124485263e+00 2.112196659067678617e+00 1.610294473152033001e-01 1.913635342083441770e-01 1.166666666666497765e+00 1.666666666663277341e-01 1.517800966313926081e-01 2.155392227964244789e+00 2.216060401751033027e+00 3.166666666666837937e+00 2.166666666666667851e+00 2.136893526609861205e+00 2.170278797992648112e+00 2.230946971779436350e+00 3.174109951681039821e+00 2.181553236695071174e+00 2.151780096638264528e+00
1.822770980323871193e-01 4.070048519490006456e+00 4.151056235300947250e+00 4.158861450983803998e+00 4.139781796598524188e+00 -1.761608612696422771e+00 2.126162808761197009e+00 2.207170524572137360e+00 3.186918595619240513e+00 2.195896085869714298e+00 -1.802112470601892946e+00 2.085658950855727056e+00 2.166666666666666963e+00 3.166666666666493768e+00 2.155392227964243901e+00 -1.817722901967637306e+00 1.261628087615315752e-01 1.666666666670131303e-01 1.166666666666840158e+00 1.610294473158916662e-01 -1.796475251250681415e+00 2.091296170206938143e+00 2.172303886017878938e+00 3.169485276341905688e+00 2.161029447315455876e+00
2.126162808761197009e+00 2.057228018975174599e-01 2.207170524572137360e+00 3.186918595619240513e+00 2.256564259656502536e+00 3.086382812193036784e+00 1.165942805329357235e+00 3.167390528003976691e+00 3.667028597335235229e+00 3.216784263088341866e+00 2.085658950855727056e+00 1.652189439920472847e-01 2.166666666666666963e+00 3.166666666666493768e+00 2.216060401751032138e+00 1.261628087615315752e-01 -8.340571946704842254e-01 1.666666666670131303e-01 1.166666666666840158e+00 1.913635342090396485e-01 2.060962083313544468e+00 1.405220764498646968e-01 2.141969799124484375e+00 3.154318232895403362e+00 2.191363534208849551e+00
2.166666666666666963e+00 2.166666666666666963e+00 1.666666666663270124e-01 3.166666666666493768e+00 2.166666666666666963e+00 2.166666666666666963e+00 2.166666666666666963e+00 1.666666666663270124e-01 3.166666666666493768e+00 2.166666666666666963e+00 3.166666666666837493e+00 3.166666666666837493e+00 1.166666666666497099e+00 3.999999999999998224e+00 3.166666666666837493e+00 1.666666666670131303e-01 1.666666666670131303e-01 -1.000000000006627587e+00 1.166666666666840158e+00 1.666666666670131303e-01 2.166666666666666963e+00 2.166666666666666963e+00 1.666666666663270124e-01 3.166666666666493768e+00 2.166666666666666963e+00
2.166666666666669183e+00 2.166666666666666519e+00 2.166666666666666963e+00 1.166666666666840158e+00 2.166666666666667407e+00 2.166666666666666519e+00 2.166666666666666963e+00 2.166666666666666963e+00 1.166666666666840158e+00 2.166666666666665630e+00 2.166666666666666963e+00 2.166666666666666963e+00 2.500000000006632472e+00 1.166666666666840158e+00 2.166666666666666963e+00 1.166666666666840158e+00 1.166666666666840158e+00 1.166666666666840158e+00 5.000000000001729727e-01 1.166666666666840158e+00 2.166666666666667407e+00 2.166666666666665630e+00 2.166666666666666963e+00 1.166666666666840158e+00 2.166666666666661190e+00
2.161029447315455876e+00 2.221697621102244113e+00 2.172303886017878938e+00 3.169485276341905688e+00 2.142530745961072292e+00 2.130695360422061313e+00 2.191363534208849551e+00 2.141969799124484375e+00 3.154318232895403362e+00 2.112196659067677729e+00 2.155392227964243901e+00 2.216060401751032138e+00 2.166666666666666963e+00 3.166666666666493768e+00 2.136893526609860317e+00 1.610294473158916662e-01 1.913635342090396485e-01 1.666666666670131303e-01 1.166666666666840158e+00 1.517800966320742573e-01 2.170278797992647668e+00 2.230946971779435906e+00 2.181553236695070730e+00 3.174109951680695652e+00 2.151780096638264084e+00
1.781777012704963831e-02 3.895539885825466619e+00 3.975836105355337935e+00 3.975836105355337935e+00 3.971651278569541255e+00 -1.921153720897631922e+00 1.986858377066535342e+00 2.092618568413316282e+00 2.092618568413316282e+00 2.097158377906418014e+00 -1.960420942493867669e+00 1.897016392070357993e+00 2.002720975423480709e+00 2.002720975423480709e+00 2.006333106749460971e+00 -1.960420942493867669e+00 1.897016392070357993e+00 2.002720975423480709e+00 2.002720975423481153e+00 2.006333106749460971e+00 -1.957607772903570131e+00 1.872173743468737550e+00 1.978585054717885816e+00 1.978585054717885816e+00 1.982101514508364026e+00
1.965136699966070211e+00 4.274275872258001541e-02 2.031950394626528045e+00 2.031950394626528045e+00 2.097158377906418014e+00 2.974421774758113646e+00 1.010997536039583533e+00 3.052838571845155613e+00 3.052838571845155613e+00 3.110877776706123754e+00 1.927350478963752112e+00 -2.342361479332163293e-02 2.002720975423482486e+00 2.002720975423480709e+00 2.067001280536249208e+00 1.927350478963752112e+00 -2.342361479332163293e-02 2.002720975423480709e+00 2.002720975423479377e+00 2.067001280536249208e+00 1.872173743468737550e+00 -6.505443227895725544e-02 1.948250967824491697e+00 1.948250967824491697e+00 2.010920644196737772e+00
1.997083756072269400e+00 1.966749669178875282e+00 -2.916243927982425065e-03 1.991446536721057869e+00 2.006333106749460971e+00 2.057751929859057416e+00 2.027417842965663297e+00 2.741784296530788700e-02 2.052114710507845885e+00 2.067001280536249208e+00 3.005539585099070710e+00 2.990372541652567495e+00 1.002720975423310845e+00 3.002720975423650795e+00 3.010164260437852679e+00 2.008358194774692240e+00 1.978024107881298344e+00 2.720975423140684427e-03 2.002720975423480709e+00 2.017607545451884032e+00 1.978585054717885816e+00 1.948250967824491697e+00 -1.216559460528821197e-02 1.972947835366674285e+00 1.987834405395077608e+00
1.997083756072269400e+00 1.966749669178875282e+00 1.991446536721057869e+00 -2.916243927293306597e-03 2.006333106749460971e+00 2.057751929859057416e+00 2.027417842965663297e+00 2.052114710507845885e+00 2.741784296600410786e-02 2.067001280536249208e+00 2.008358194774692240e+00 1.978024107881298344e+00 2.002720975423480709e+00 2.720975423826802256e-03 2.017607545451884032e+00 3.005539585098719435e+00 2.990372541652217109e+00 3.002720975423307515e+00 1.002720975423653904e+00 3.010164260437509398e+00 1.978585054717885816e+00 1.948250967824491697e+00 1.972947835366674285e+00 -1.216559460460580992e-02 1.987834405395077608e+00
2.028505944302393615e+00 2.033010605028930939e+00 1.997083756072269400e+00 1.997083756072269400e+00 1.982101514508364026e+00 2.033010605028915396e+00 2.053420662370315508e+00 2.027417842965663297e+00 2.027417842965663297e+00 2.010920644196737772e+00 1.997083756072269400e+00 2.027417842965663297e+00 2.002720975423486927e+00 2.002720975423480709e+00 1.987834405395077608e+00 1.997083756072269400e+00 2.027417842965663297e+00 2.002720975423480709e+00 2.002720975423474936e+00 1.987834405395077608e+00 1.982101514508364026e+00 2.010920644196737772e+00 1.987834405395077608e+00 1.987834405395077608e+00 1.970337664926798737e+00
