42
4.000000000000000000e+00
43
2.000000000000000000e+00
52
2.436855674238527455e-04 3.058858003755965393e-02 3.122086273143986901e-02 3.122086273143986901e-02 3.113286330566427187e-02 3.839625130883345783e+00 3.918992284189059205e+00 3.918992284189059205e+00 3.907946174618220248e+00 3.999999999999999556e+00 4.000000000000000000e+00 3.988725561297576938e+00 4.000000000000000000e+00 3.988725561297576938e+00 3.977482900837167712e+00
3.058858003755965393e-02 1.927612131230670656e+00 1.975106573460249537e+00 1.975106573460249537e+00 1.969776283052687704e+00 1.958077738596659678e+00 2.958772280757219875e+00 2.958772280757219875e+00 2.980152419699546584e+00 4.000000000000000000e+00 4.000000000000000000e+00 4.019059648190971501e+00 4.000000000000000000e+00 4.019059648190971501e+00 4.037980074722319124e+00
3.122086273143986901e-02 1.975106573460249759e+00 2.007805215682858968e+00 2.015610431365720157e+00 2.009973212014508626e+00 3.918992284189060094e+00 2.979748071047097824e+00 3.959496142094530491e+00 3.953858922743318516e+00 1.999999999999659828e+00 2.999999999999829914e+00 2.997181390324224814e+00 4.000000000000000000e+00 3.994362780648788913e+00 3.988725561297576938e+00
3.122086273143986901e-02 1.975106573460249537e+00 2.015610431365720601e+00 2.007805215682861633e+00 2.009973212014508626e+00 3.918992284189060094e+00 3.959496142094530491e+00 2.979748071047434443e+00 3.953858922743318516e+00 4.000000000000000000e+00 3.000000000000173195e+00 3.994362780648788913e+00 2.000000000000346390e+00 2.997181390324566763e+00 3.988725561297576938e+00
3.113286330566427187e-02 1.969776283052687704e+00 2.009973212014508626e+00 2.009973212014508626e+00 2.004235688894454359e+00 3.967385700859785924e+00 3.984193009636712635e+00 3.984193009636712635e+00 3.963901091185851211e+00 4.000000000000000000e+00 4.000000000000000000e+00 3.979476210620385146e+00 3.999999999999999556e+00 3.979476210620385146e+00 3.959036340101407703e+00
3.839625130883345783e+00 1.958077738596659678e+00 3.918992284189059649e+00 3.918992284189059649e+00 3.967385700859785924e+00 9.985528013006157444e-01 1.998552277325380100e+00 1.998552277325380100e+00 2.023231267759996399e+00 4.000000000000000000e+00 4.000000000000000000e+00 4.049393735084365176e+00 4.000000000000000000e+00 4.049393735084365176e+00 4.099397405435126096e+00
3.918992284189060094e+00 2.958772280757219875e+00 2.979748071047097824e+00 3.959496142094530491e+00 3.984193009636713079e+00 1.998552277325380100e+00 2.499638069331260315e+00 2.999276138662689828e+00 3.023973006204872416e+00 1.999999999999659828e+00 2.999999999999829914e+00 3.012348433770918987e+00 4.000000000000000000e+00 4.024696867542182588e+00 4.049393735084365176e+00
3.918992284189060094e+00 2.958772280757219875e+00 3.959496142094530491e+00 2.979748071047434443e+00 3.984193009636713079e+00 1.998552277325380322e+00 2.999276138662690272e+00 2.499638069331431733e+00 3.023973006204872860e+00 4.000000000000000000e+00 3.000000000000173195e+00 4.024696867542182588e+00 2.000000000000346390e+00 3.012348433771266265e+00 4.049393735084365176e+00
3.907946174618220248e+00 2.980152419699546584e+00 3.953858922743318516e+00 3.953858922743318516e+00 3.963901091185851211e+00 2.023231267759996399e+00 3.023973006204872416e+00 3.023973006204872416e+00 3.041536944272295706e+00 4.000000000000000000e+00 4.000000000000000000e+00 4.009810297513778821e+00 3.999999999999999556e+00 4.009810297513778821e+00 4.019252943379409970e+00
4.000000000000000000e+00 4.000000000000000000e+00 1.999999999999659828e+00 4.000000000000000000e+00 4.000000000000000000e+00 3.999999999999999556e+00 1.999999999999659828e+00 4.000000000000000000e+00 4.000000000000000000e+00 9.999999999996598277e-01 1.999999999999659828e+00 1.999999999999659828e+00 4.000000000000000000e+00 4.000000000000000000e+00 4.000000000000000000e+00
4.000000000000000000e+00 4.000000000000000000e+00 2.999999999999830358e+00 3.000000000000173195e+00 4.000000000000000000e+00 4.000000000000000000e+00 2.999999999999830358e+00 3.000000000000173195e+00 4.000000000000000000e+00 1.999999999999659606e+00 2.500000000000001776e+00 2.999999999999830358e+00 2.000000000000346390e+00 3.000000000000173195e+00 4.000000000000000000e+00
3.988725561297576938e+00 4.019059648190971501e+00 2.997181390324224814e+00 3.994362780648788469e+00 3.979476210620385146e+00 4.049393735084365176e+00 3.012348433770918987e+00 4.024696867542182588e+00 4.009810297513778821e+00 1.999999999999659606e+00 2.999999999999829914e+00 2.992556714985629363e+00 4.000000000000000000e+00 3.985113429971596677e+00 3.970226859943193354e+00
4.000000000000000000e+00 4.000000000000000000e+00 4.000000000000000000e+00 2.000000000000346390e+00 3.999999999999999556e+00 4.000000000000000000e+00 4.000000000000000000e+00 2.000000000000346390e+00 3.999999999999999556e+00 4.000000000000000000e+00 2.000000000000346390e+00 4.000000000000000000e+00 1.000000000000345945e+00 2.000000000000346390e+00 3.999999999999999556e+00
3.988725561297576938e+00 4.019059648190971501e+00 3.994362780648788469e+00 2.997181390324566763e+00 3.979476210620385146e+00 4.049393735084365176e+00 4.024696867542182588e+00 3.012348433771266265e+00 4.009810297513778821e+00 4.000000000000000000e+00 3.000000000000173195e+00 3.985113429971596677e+00 2.000000000000345945e+00 2.992556714985969979e+00 3.970226859943193354e+00
3.977482900837168156e+00 4.037980074722319124e+00 3.988725561297576938e+00 3.988725561297576938e+00 3.959036340101407703e+00 4.099397405435126096e+00 4.049393735084365176e+00 4.049393735084365176e+00 4.019252943379409970e+00 4.000000000000000000e+00 4.000000000000000000e+00 3.970226859943193354e+00 3.999999999999999556e+00 3.970226859943193354e+00 3.940675329853597475e+00
61
1.968900980052272098e+00 4.117331612002945312e-02 2.425732426115656537e-03 2.425732426115656537e-03 7.549315115175990291e-03 -1.265780442352149038e-01 -1.638283643391631184e-01 -1.653256279291286934e-01 -1.653256279291286934e-01 -1.567688261295738239e-01 1.666666666666679064e-01 1.666666666666679064e-01 1.666666666666657415e-01 1.666666666666679064e-01 1.666666666666679064e-01 1.666666666666671848e-01 1.666666666666671848e-01 1.666666666666671848e-01 1.666666666666693497e-01 1.666666666666671848e-01 7.844558112541189648e-03 1.127777722275179542e-02 2.720975423480856761e-03 2.720975423480856761e-03 3.978038300481674672e-02
4.117331612002945312e-02 1.985677007067360611e+00 2.425732426115656537e-03 2.425732426115656537e-03 -4.820463896778488799e-02 -1.156229830140349302e+00 -1.516142335634999005e-01 -1.653256279291286934e-01 -1.653256279291286934e-01 -1.683719285564422852e-01 1.666666666666679064e-01 1.666666666666679064e-01 1.666666666666684338e-01 1.666666666666679064e-01 1.666666666666679064e-01 1.666666666666671848e-01 1.666666666666671848e-01 1.666666666666671848e-01 1.666666666666666297e-01 1.666666666666671848e-01 2.812933924673229058e-02 3.965792973633532753e-02 2.720975423480856761e-03 2.720975423480856761e-03 1.395095683795977669e-02
2.425732426115656537e-03 2.425732426115656537e-03 1.986815301054205563e+00 2.425732426115656537e-03 2.425732426115656537e-03 -1.653256279291286934e-01 -1.653256279291286934e-01 -1.248217700236582406e-01 -1.653256279291286934e-01 -1.653256279291286934e-01 -8.255281176506452656e-01 1.464147377139202455e-01 1.666666666666679064e-01 1.666666666666679064e-01 1.638480569908764561e-01 1.666666666666671848e-01 1.666666666666671848e-01 1.666666666666671848e-01 1.666666666666671848e-01 1.666666666666671848e-01 2.720975423480856761e-03 2.720975423480856761e-03 8.358194774780836056e-03 2.720975423480856761e-03 2.720975423480856761e-03
2.425732426115656537e-03 2.425732426115656537e-03 2.425732426115656537e-03 1.986815301053523442e+00 2.425732426115656537e-03 -1.653256279291286934e-01 -1.653256279291286934e-01 -1.653256279291286934e-01 -1.248217700236804867e-01 -1.653256279291286934e-01 1.666666666666679064e-01 1.666666666666679064e-01 1.666666666666679064e-01 1.666666666666679064e-01 1.666666666666679064e-01 -8.255281176503028728e-01 1.464147377139431994e-01 1.666666666666671848e-01 1.666666666666671848e-01 1.638480569908671025e-01 2.720975423480856761e-03 2.720975423480856761e-03 2.720975423480856761e-03 8.358194774783679268e-03 2.720975423480856761e-03
7.549315115175994628e-03 -4.820463896778488799e-02 2.425732426115656537e-03 2.425732426115656537e-03 2.937482270900638320e-02 -1.399172641058772648e-01 -1.653812359227826989e-01 -1.653256279291286934e-01 -1.653256279291286934e-01 -1.660323558251750875e-01 1.666666666666679064e-01 1.666666666666679064e-01 1.666666666666677676e-01 1.666666666666679064e-01 1.666666666666679064e-01 1.666666666666671848e-01 1.666666666666671848e-01 1.666666666666671848e-01 1.666666666666673235e-01 1.666666666666671848e-01 -5.075982688296580905e-03 3.648653590602153954e-03 2.720975423480856761e-03 2.720975423480856761e-03 2.625303887978885139e-03
4.117331612002945312e-02 -9.884784697851048962e-01 2.425732426115656537e-03 2.425732426115656537e-03 2.783409624936708862e-02 1.817925646712117871e+00 -1.516142335634999005e-01 -1.653256279291286934e-01 -1.653256279291286934e-01 -1.283886736162769271e-01 1.666666666666679064e-01 1.666666666666679064e-01 1.666666666666684338e-01 1.666666666666679064e-01 1.666666666666679064e-01 1.666666666666671848e-01 1.666666666666671848e-01 1.666666666666671848e-01 1.666666666666666297e-01 1.666666666666671848e-01 -4.790939597011814599e-02 -3.253252038327280465e-04 2.720975423480856761e-03 2.720975423480856761e-03 1.395095683794441051e-02
3.922996016081224668e-03 1.613712679174446676e-02 2.425732426115656537e-03 2.425732426115656537e-03 2.370124432461667534e-03 -1.516142335634999005e-01 5.007241233249277723e-01 -1.653256279291286934e-01 -1.653256279291286934e-01 -1.810220735178986740e-01 1.666666666666679064e-01 1.666666666666679064e-01 1.666666666666681285e-01 1.666666666666679064e-01 1.666666666666679064e-01 1.666666666666671848e-01 1.666666666666671848e-01 1.666666666666671848e-01 1.666666666666669627e-01 1.666666666666671848e-01 2.665367429822927767e-03 -1.297547016528911509e-02 2.720975423480856761e-03 2.720975423480856761e-03 4.026927285950301222e-03
2.425732426115656537e-03 2.425732426115656537e-03 4.292959033158613713e-02 2.425732426115656537e-03 2.425732426115656537e-03 -1.653256279291286934e-01 -1.653256279291286934e-01 8.353982334083338568e-01 -1.653256279291286934e-01 -1.653256279291286934e-01 1.464147377139202455e-01 -3.336952640020751093e-01 1.666666666666679064e-01 1.666666666666679064e-01 1.790151004377670274e-01 1.666666666666671848e-01 1.666666666666671848e-01 1.666666666666671848e-01 1.666666666666671848e-01 1.666666666666671848e-01 2.720975423480856761e-03 2.720975423480856761e-03 -2.197589211871712328e-02 2.720975423480856761e-03 2.720975423480856761e-03
2.425732426115656537e-03 2.425732426115656537e-03 2.425732426115656537e-03 4.292959033156387022e-02 2.425732426115656537e-03 -1.653256279291286934e-01 -1.653256279291286934e-01 -1.653256279291286934e-01 8.353982334079892436e-01 -1.653256279291286934e-01 1.666666666666679064e-01 1.666666666666679064e-01 1.666666666666679064e-01 1.666666666666679064e-01 1.666666666666679064e-01 1.464147377139431994e-01 -3.336952640019020255e-01 1.666666666666671848e-01 1.666666666666671848e-01 1.790151004377587007e-01 2.720975423480856761e-03 2.720975423480856761e-03 2.720975423480856761e-03 -2.197589211870698556e-02 2.720975423480856761e-03
1.098253422567054341e-02 -6.205682011979287045e-04 2.425732426115656537e-03 2.425732426115656537e-03 1.719004530069290866e-03 -1.283886736162769271e-01 -1.810220735178986740e-01 -1.653256279291286934e-01 -1.653256279291286934e-01 -1.524864378157856915e-01 1.666666666666679064e-01 1.666666666666679064e-01 1.666666666666695718e-01 1.666666666666679064e-01 1.666666666666679064e-01 1.666666666666671848e-01 1.666666666666671848e-01 1.666666666666671848e-01 1.666666666666655194e-01 1.666666666666671848e-01 3.648653590602153954e-03 -3.520124828319790272e-03 2.720975423480856761e-03 2.720975423480856761e-03 1.110346682958467677e-03
2.425732426115656537e-03 2.425732426115656537e-03 -9.897690518911974600e-01 2.425732426115656537e-03 2.425732426115656537e-03 -1.653256279291286934e-01 -1.653256279291286934e-01 -1.855775568818763543e-01 -1.653256279291286934e-01 -1.653256279291286934e-01 2.151056235301259889e+00 2.071705245721489896e-01 1.666666666666679064e-01 1.666666666666679064e-01 1.723038860179665621e-01 1.666666666666671848e-01 1.666666666666671848e-01 1.666666666666671848e-01 1.666666666666671848e-01 1.666666666666671848e-01 2.720975423480856761e-03 2.720975423480856761e-03 -9.763425231062604001e-05 2.720975423480856761e-03 2.720975423480856761e-03
2.425732426115656537e-03 2.425732426115656537e-03 -1.782619652663199744e-02 2.425732426115656537e-03 2.425732426115656537e-03 -1.653256279291286934e-01 -1.653256279291286934e-01 -6.656875585978716536e-01 -1.653256279291286934e-01 -1.653256279291286934e-01 2.071705245721489896e-01 1.167390528004134786e+00 1.666666666666679064e-01 1.666666666666679064e-01 1.419697991243191737e-01 1.666666666666671848e-01 1.666666666666671848e-01 1.666666666666671848e-01 1.666666666666671848e-01 1.666666666666671848e-01 2.720975423480856761e-03 2.720975423480856761e-03 1.506940919457994826e-02 2.720975423480856761e-03 2.720975423480856761e-03
2.425732426113477724e-03 2.425732426116184760e-03 2.425732426115656537e-03 2.425732426115656537e-03 2.425732426115515157e-03 -1.653256279291281661e-01 -1.653256279291284714e-01 -1.653256279291286934e-01 -1.653256279291286934e-01 -1.653256279291270558e-01 1.666666666666679064e-01 1.666666666666679064e-01 5.000000000001700862e-01 1.666666666666679064e-01 1.666666666666679064e-01 1.666666666666671848e-01 1.666666666666671848e-01 1.666666666666671848e-01 5.000000000066324723e-01 1.666666666666671848e-01 2.720975423480715381e-03 2.720975423482511688e-03 2.720975423480856761e-03 2.720975423480856761e-03 2.720975423486828113e-03
2.425732426115656537e-03 2.425732426115656537e-03 2.425732426115656537e-03 2.425732426115656537e-03 2.425732426115656537e-03 -1.653256279291286934e-01 -1.653256279291286934e-01 -1.653256279291286934e-01 -1.653256279291286934e-01 -1.653256279291286934e-01 1.666666666666679064e-01 1.666666666666679064e-01 1.666666666666679064e-01 9.999999999933673056e-01 1.666666666666679064e-01 1.666666666666671848e-01 1.666666666666671848e-01 9.992007221626408864e-16 1.666666666666671848e-01 1.666666666666671848e-01 2.720975423480856761e-03 2.720975423480856761e-03 2.720975423480856761e-03 2.720975423480856761e-03 2.720975423480856761e-03
2.425732426115656537e-03 2.425732426115656537e-03 -3.928772496758266980e-04 2.425732426115656537e-03 2.425732426115656537e-03 -1.653256279291286934e-01 -1.653256279291286934e-01 -1.529771941580296279e-01 -1.653256279291286934e-01 -1.653256279291286934e-01 1.723038860179665621e-01 1.419697991243191737e-01 1.666666666666679064e-01 1.666666666666679064e-01 1.815532366885395932e-01 1.666666666666671848e-01 1.666666666666671848e-01 1.666666666666671848e-01 1.666666666666671848e-01 1.666666666666671848e-01 2.720975423480856761e-03 2.720975423480856761e-03 -4.722309590720718056e-03 2.720975423480856761e-03 2.720975423480856761e-03
2.425732426115656537e-03 2.425732426115656537e-03 2.425732426115656537e-03 -9.897690518908544011e-01 2.425732426115656537e-03 -1.653256279291286934e-01 -1.653256279291286934e-01 -1.653256279291286934e-01 -1.855775568818526788e-01 -1.653256279291286934e-01 1.666666666666679064e-01 1.666666666666679064e-01 1.666666666666679064e-01 1.666666666666679064e-01 1.666666666666679064e-01 2.151056235300576880e+00 2.071705245721259803e-01 1.666666666666671848e-01 1.666666666666671848e-01 1.723038860179686438e-01 2.720975423480856761e-03 2.720975423480856761e-03 2.720975423480856761e-03 -9.763425231921205386e-05 2.720975423480856761e-03
2.425732426115656537e-03 2.425732426115656537e-03 2.425732426115656537e-03 -1.782619652660832540e-02 2.425732426115656537e-03 -1.653256279291286934e-01 -1.653256279291286934e-01 -1.653256279291286934e-01 -6.656875585976979037e-01 -1.653256279291286934e-01 1.666666666666679064e-01 1.666666666666679064e-01 1.666666666666679064e-01 1.666666666666679064e-01 1.666666666666679064e-01 2.071705245721259803e-01 1.167390528003789507e+00 1.666666666666671848e-01 1.666666666666671848e-01 1.419697991243285551e-01 2.720975423480856761e-03 2.720975423480856761e-03 2.720975423480856761e-03 1.506940919457237446e-02 2.720975423480856761e-03
2.425732426115656537e-03 2.425732426115656537e-03 2.425732426115656537e-03 2.425732426115656537e-03 2.425732426115656537e-03 -1.653256279291286934e-01 -1.653256279291286934e-01 -1.653256279291286934e-01 -1.653256279291286934e-01 -1.653256279291286934e-01 1.666666666666679064e-01 1.666666666666679064e-01 1.666666666666679064e-01 1.665334536937734811e-15 1.666666666666679064e-01 1.666666666666671848e-01 1.666666666666671848e-01 9.999999999933665285e-01 1.666666666666671848e-01 1.666666666666671848e-01 2.720975423480856761e-03 2.720975423480856761e-03 2.720975423480856761e-03 2.720975423480856761e-03 2.720975423480856761e-03
2.425732426117834916e-03 2.425732426115127880e-03 2.425732426115656537e-03 2.425732426115656537e-03 2.425732426115797917e-03 -1.653256279291292485e-01 -1.653256279291289155e-01 -1.653256279291286934e-01 -1.653256279291286934e-01 -1.653256279291303588e-01 1.666666666666679064e-01 1.666666666666679064e-01 5.000000000066331385e-01 1.666666666666679064e-01 1.666666666666679064e-01 1.666666666666671848e-01 1.666666666666671848e-01 1.666666666666671848e-01 4.999999999998270273e-01 1.666666666666671848e-01 2.720975423480997708e-03 2.720975423479201835e-03 2.720975423480856761e-03 2.720975423480856761e-03 2.720975423474884976e-03
2.425732426115656537e-03 2.425732426115656537e-03 2.425732426115656537e-03 -3.928772496844131455e-04 2.425732426115656537e-03 -1.653256279291286934e-01 -1.653256279291286934e-01 -1.653256279291286934e-01 -1.529771941580371775e-01 -1.653256279291286934e-01 1.666666666666679064e-01 1.666666666666679064e-01 1.666666666666679064e-01 1.666666666666679064e-01 1.666666666666679064e-01 1.723038860179686438e-01 1.419697991243285551e-01 1.666666666666671848e-01 1.666666666666671848e-01 1.815532366885351245e-01 2.720975423480856761e-03 2.720975423480856761e-03 2.720975423480856761e-03 -4.722309590720948774e-03 2.720975423480856761e-03
7.549315115175994628e-03 2.783409624936708862e-02 2.425732426115656537e-03 2.425732426115656537e-03 -5.371225685661781130e-03 -2.159559993227276875e-01 -1.653812359227866402e-01 -1.653256279291286934e-01 -1.653256279291286934e-01 -1.643979497620074171e-01 1.666666666666679064e-01 1.666666666666679064e-01 1.666666666666677676e-01 1.666666666666679064e-01 1.666666666666679064e-01 1.666666666666671848e-01 1.666666666666671848e-01 1.666666666666671848e-01 1.666666666666673235e-01 1.666666666666671848e-01 2.967006571937363599e-02 2.014247527455730394e-03 2.720975423480856761e-03 2.720975423480856761e-03 2.625303887978885139e-03
1.098253422538659520e-02 3.936268673897012904e-02 2.425732426115656537e-03 2.425732426115656537e-03 3.353410593236953730e-03 -1.683719285564422574e-01 -1.810220735178986740e-01 -1.653256279291286934e-01 -1.653256279291286934e-01 -1.715667281809293565e-01 1.666666666666679064e-01 1.666666666666679064e-01 1.666666666666695718e-01 1.666666666666679064e-01 1.666666666666679064e-01 1.666666666666671848e-01 1.666666666666671848e-01 1.666666666666671848e-01 1.666666666666655194e-01 1.666666666666671848e-01 2.014247527455730394e-03 1.556016553683431218e-02 2.720975423480856761e-03 2.720975423480856761e-03 1.110346682958467677e-03
2.425732426115656537e-03 2.425732426115656537e-03 8.062951777415639301e-03 2.425732426115656537e-03 2.425732426115656537e-03 -1.653256279291286934e-01 -1.653256279291286934e-01 -1.900224954713266856e-01 -1.653256279291286934e-01 -1.653256279291286934e-01 1.638480569908764284e-01 1.790151004377670274e-01 1.666666666666679064e-01 1.666666666666679064e-01 1.592233816524663281e-01 1.666666666666671848e-01 1.666666666666671848e-01 1.666666666666671848e-01 1.666666666666671848e-01 1.666666666666671848e-01 2.720975423480856761e-03 2.720975423480856761e-03 1.760754545185876443e-02 2.720975423480856761e-03 2.720975423480856761e-03
2.425732426115656537e-03 2.425732426115656537e-03 2.425732426115656537e-03 8.062951777418482513e-03 2.425732426115656537e-03 -1.653256279291286934e-01 -1.653256279291286934e-01 -1.653256279291286934e-01 -1.900224954713165271e-01 -1.653256279291286934e-01 1.666666666666679064e-01 1.666666666666679064e-01 1.666666666666679064e-01 1.666666666666679064e-01 1.666666666666679064e-01 1.638480569908671025e-01 1.790151004377587007e-01 1.666666666666671848e-01 1.666666666666671848e-01 1.592233816524653567e-01 2.720975423480856761e-03 2.720975423480856761e-03 2.720975423480856761e-03 1.760754545185504866e-02 2.720975423480856761e-03
3.948514000745154129e-02 1.365571384059457646e-02 2.425732426115656537e-03 2.425732426115656537e-03 2.330060890613684915e-03 -1.540956465146651466e-01 -1.640196760666592646e-01 -1.653256279291286934e-01 -1.653256279291286934e-01 -1.669362566696510619e-01 1.666666666666679064e-01 1.666666666666679064e-01 1.666666666666738739e-01 1.666666666666679064e-01 1.666666666666679064e-01 1.666666666666671848e-01 1.666666666666671848e-01 1.666666666666671848e-01 1.666666666666611896e-01 1.666666666666671848e-01 2.625303887978885139e-03 1.110346682958467677e-03 2.720975423480856761e-03 2.720975423480856761e-03 1.108049836052790586e-04
62
3.937801960104544197e+00 8.037543311705996896e-02 0.000000000000000000e+00 0.000000000000000000e+00 1.118643927664737976e-02 1.640562505226511592e-03 0.000000000000000000e+00 0.000000000000000000e+00 2.283291315834379276e-04 0.000000000000000000e+00 0.000000000000000000e+00 0.000000000000000000e+00 0.000000000000000000e+00 0.000000000000000000e+00 3.177824201367612789e-05
8.037543311705996896e-02 9.937332770132010218e-01 0.000000000000000000e+00 0.000000000000000000e+00 -2.438993859853291410e-02 4.053317708221976234e-02 0.000000000000000000e+00 0.000000000000000000e+00 2.320490751355486214e-03 0.000000000000000000e+00 0.000000000000000000e+00 0.000000000000000000e+00 0.000000000000000000e+00 0.000000000000000000e+00 -1.392216596230975989e-04
0.000000000000000000e+00 0.000000000000000000e+00 9.921947843173087866e-01 0.000000000000000000e+00 0.000000000000000000e+00 0.000000000000000000e+00 2.025192895273850158e-02 0.000000000000000000e+00 0.000000000000000000e+00 0.000000000000000000e+00 0.000000000000000000e+00 2.818609675606209564e-03 0.000000000000000000e+00 0.000000000000000000e+00 0.000000000000000000e+00
0.000000000000000000e+00 0.000000000000000000e+00 0.000000000000000000e+00 9.921947843169683923e-01 0.000000000000000000e+00 0.000000000000000000e+00 0.000000000000000000e+00 2.025192895273153493e-02 0.000000000000000000e+00 0.000000000000000000e+00 0.000000000000000000e+00 0.000000000000000000e+00 0.000000000000000000e+00 2.818609675605265874e-03 0.000000000000000000e+00
1.118643927664738497e-02 -2.438993859853291410e-02 0.000000000000000000e+00 0.000000000000000000e+00 1.478626625956054076e-02 -1.000318413638762172e-03 0.000000000000000000e+00 0.000000000000000000e+00 2.318709287535969388e-04 0.000000000000000000e+00 0.000000000000000000e+00 0.000000000000000000e+00 0.000000000000000000e+00 0.000000000000000000e+00 8.391886063728072609e-05
1.640562505226511592e-03 4.053317708221975540e-02 0.000000000000000000e+00 0.000000000000000000e+00 -1.000318413638771929e-03 1.001448246649855545e+00 0.000000000000000000e+00 0.000000000000000000e+00 -2.471474464974884877e-02 0.000000000000000000e+00 0.000000000000000000e+00 0.000000000000000000e+00 0.000000000000000000e+00 0.000000000000000000e+00 6.099352663961020438e-04
0.000000000000000000e+00 0.000000000000000000e+00 2.025192895273849117e-02 0.000000000000000000e+00 0.000000000000000000e+00 0.000000000000000000e+00 5.003619306687401291e-01 0.000000000000000000e+00 0.000000000000000000e+00 0.000000000000000000e+00 0.000000000000000000e+00 -1.234843377109329232e-02 0.000000000000000000e+00 0.000000000000000000e+00 0.000000000000000000e+00
0.000000000000000000e+00 0.000000000000000000e+00 0.000000000000000000e+00 2.025192895273154187e-02 0.000000000000000000e+00 0.000000000000000000e+00 0.000000000000000000e+00 5.003619306685683776e-01 0.000000000000000000e+00 0.000000000000000000e+00 0.000000000000000000e+00 0.000000000000000000e+00 0.000000000000000000e+00 -1.234843377108904572e-02 0.000000000000000000e+00
2.283291315834361929e-04 2.320490751355500092e-03 0.000000000000000000e+00 0.000000000000000000e+00 2.318709287535917346e-04 -2.471474464974884877e-02 0.000000000000000000e+00 0.000000000000000000e+00 7.753640553644108868e-03 0.000000000000000000e+00 0.000000000000000000e+00 0.000000000000000000e+00 0.000000000000000000e+00 0.000000000000000000e+00 -3.676516481489009586e-04
0.000000000000000000e+00 0.000000000000000000e+00 0.000000000000000000e+00 0.000000000000000000e+00 0.000000000000000000e+00 0.000000000000000000e+00 0.000000000000000000e+00 0.000000000000000000e+00 0.000000000000000000e+00 1.000000000000340172e+00 0.000000000000000000e+00 0.000000000000000000e+00 0.000000000000000000e+00 0.000000000000000000e+00 0.000000000000000000e+00
0.000000000000000000e+00 0.000000000000000000e+00 0.000000000000000000e+00 0.000000000000000000e+00 0.000000000000000000e+00 0.000000000000000000e+00 0.000000000000000000e+00 0.000000000000000000e+00 0.000000000000000000e+00 0.000000000000000000e+00 4.999999999999985567e-01 0.000000000000000000e+00 0.000000000000000000e+00 0.000000000000000000e+00 0.000000000000000000e+00
0.000000000000000000e+00 0.000000000000000000e+00 2.818609675606224742e-03 0.000000000000000000e+00 0.000000000000000000e+00 0.000000000000000000e+00 -1.234843377109329232e-02 0.000000000000000000e+00 0.000000000000000000e+00 0.000000000000000000e+00 0.000000000000000000e+00 7.443285014202966066e-03 0.000000000000000000e+00 0.000000000000000000e+00 0.000000000000000000e+00
0.000000000000000000e+00 0.000000000000000000e+00 0.000000000000000000e+00 0.000000000000000000e+00 0.000000000000000000e+00 0.000000000000000000e+00 0.000000000000000000e+00 0.000000000000000000e+00 0.000000000000000000e+00 0.000000000000000000e+00 0.000000000000000000e+00 0.000000000000000000e+00 9.999999999996540545e-01 0.000000000000000000e+00 0.000000000000000000e+00
0.000000000000000000e+00 0.000000000000000000e+00 0.000000000000000000e+00 2.818609675605258068e-03 0.000000000000000000e+00 0.000000000000000000e+00 0.000000000000000000e+00 -1.234843377108907347e-02 0.000000000000000000e+00 0.000000000000000000e+00 0.000000000000000000e+00 0.000000000000000000e+00 0.000000000000000000e+00 7.443285014200412553e-03 0.000000000000000000e+00
3.177824201367612789e-05 -1.392216596230975989e-04 0.000000000000000000e+00 0.000000000000000000e+00 8.391886063728072609e-05 6.099352663961055132e-04 0.000000000000000000e+00 0.000000000000000000e+00 -3.676516481488922850e-04 0.000000000000000000e+00 0.000000000000000000e+00 0.000000000000000000e+00 0.000000000000000000e+00 0.000000000000000000e+00 2.216099672105581171e-04
00